ktilde = 0.12

800 0.0151516
900 0.0192052
1000 0.0237376
1100 0.0318739
1200 0.0386541
1300 0.0443913
1400 0.0493088
1500 0.0535707
1600 0.0624328
1700 0.0702524
1800 0.0772031
1900 0.0867519
2000 0.0953458
2100 0.108135
2200 0.119761
2300 0.130376
2400 0.140107
2500 0.149059
2600 0.164209
2700 0.178237
2800 0.191263
2900 0.203391
3000 0.21471
3100 0.23223
3200 0.248654
3300 0.264084
3400 0.278606
3500 0.292297
3600 0.316171
3700 0.338753
3800 0.360148
3900 0.380445
4000 0.399727
4100 0.418068
4200 0.435537
4300 0.452192
4400 0.468091

for a natural width = 0.3 : 
800 k = 0.533965
900 k = 0.474277
1000 k = 0.426603
1500 k = 0.283974
1800 k = 0.236551
2000 k = 0.212858
2500 k = 0.17024
3000 k = 0.141846
3500 k = 0.121571
4500 k = 0.0945456


for ktilde = 0.095 :
mass    width
800     0.00949606
900     0.0120366
1000    0.0148772
1100    0.0199765
1200    0.0242259
1300    0.0278216
1400    0.0309036
1500    0.0335747
1600    0.0391289
1700    0.0440297
1800    0.048386
1900    0.0543705
2000    0.0597567
2100    0.0677719
2200    0.0750585
2300    0.0817115
2400    0.0878101
2500    0.0934208
2600    0.102916
2700    0.111708
2800    0.119872
2900    0.127472
3000    0.134566
3100    0.145547
3200    0.155841
3300    0.165511
3400    0.174612
3500    0.183193
3600    0.198156
3700    0.212309
3800    0.225717
3900    0.238438
4000    0.250523
4100    0.262019
4200    0.272966
4300    0.283405
4400    0.293369
